[["Bitcoin","Ethereum","Bitcoin Cash","Ripple","Litecoin","Dash","Ethereum Classic","Monero","NEO","NEM","IOTA","Qtum","OmiseGO","Cardano","Lisk","Zcash","Tether","EOS","Stellar Lumens","BitConnect","Hshare","Waves","Stratis","Ark","Populous","Steem","Bytecoin","Komodo","Ardor","BitShares","Augur"],[1,-0.948981923,0.466279722,-0.982021116,-0.960445905,-0.938476266,-0.777299303,-0.945167132,-0.927680459,-0.905651026,-0.912615637,0.07797844,-0.946060309,-0.91868343,-0.888001076,-0.935351539,0.904641833,-0.926240963,-0.765431743,0.972592779,-0.925514623,-0.916776202,-0.96676983,-0.935916543,-0.942590687,-0.949245777,-0.829980891,-0.839889694,-0.779247535,-0.913210906,-0.935232302],[-0.948981923,1,-0.596588886,0.97036656,0.998960166,0.998128174,0.914858146,0.982505758,0.99505348,0.991048004,0.993084778,0.018380344,0.992348833,0.988907388,0.929213457,0.986243899,-0.938212463,0.98661855,0.549670055,-0.914833449,0.995964082,0.992561337,0.97811086,0.9911525,0.998132669,0.98117815,0.936648175,0.956795903,0.92186409,0.992047242,0.99698311],[0.466279722,-0.596588886,1,-0.533865137,-0.590257488,-0.629230718,-0.64069525,-0.487487219,-0.610426643,-0.629723705,-0.618213086,-0.098325729,-0.542301397,-0.585336256,-0.511347495,-0.596363773,0.678427165,-0.543722977,0.041415366,0.524594089,-0.602698653,-0.602735503,-0.553502017,-0.602702759,-0.605183335,-0.513784868,-0.603883031,-0.598823592,-0.659493172,-0.640515783,-0.593443595],[-0.982021116,0.97036656,-0.533865137,1,0.976434855,0.96334797,0.806494934,0.94979684,0.947507903,0.931602961,0.937487887,-0.130231533,0.961941544,0.947324044,0.928706421,0.972948358,-0.919880683,0.939471667,0.688274729,-0.948676246,0.94931838,0.938134003,0.98167227,0.969105446,0.960869797,0.979012055,0.85763586,0.870737997,0.84481148,0.941629752,0.957435804],[-0.960445905,0.998960166,-0.590257488,0.976434855,1,0.996385248,0.904179775,0.983840078,0.992223314,0.986724659,0.988997073,0.013804368,0.992130627,0.984435808,0.927604199,0.983680945,-0.942689443,0.984684157,0.580486666,-0.929859411,0.992195639,0.988228642,0.980890095,0.989456588,0.997360224,0.979342013,0.93119582,0.947856606,0.906926334,0.987596304,0.994903171],[-0.938476266,0.998128174,-0.629230718,0.96334797,0.996385248,1,0.924351131,0.975701339,0.996395007,0.99255726,0.994468287,0.033286721,0.988615934,0.988700638,0.926873709,0.983702532,-0.936529217,0.985463275,0.515002865,-0.903990163,0.996377808,0.994014295,0.974640062,0.98798109,0.997328756,0.974329098,0.938992836,0.963646688,0.933561632,0.994395978,0.995557188],[-0.777299303,0.914858146,-0.64069525,0.806494934,0.904179775,0.924351131,1,0.913002623,0.943928693,0.949634242,0.952098635,0.360741905,0.91935259,0.923656036,0.781645891,0.861437141,-0.832017778,0.944110812,0.244350103,-0.732630796,0.941869003,0.94989759,0.838479961,0.888463017,0.931357502,0.855885716,0.959076948,0.981985628,0.934748809,0.953817063,0.925811052],[-0.945167132,0.982505758,-0.487487219,0.94979684,0.983840078,0.975701339,0.913002623,1,0.983280182,0.973243375,0.978389504,0.109063017,0.988313381,0.967060342,0.896930131,0.950088197,-0.899180539,0.992179613,0.596658063,-0.902655445,0.980953597,0.978775965,0.951772424,0.960986477,0.985910368,0.965801687,0.947626542,0.953344529,0.885621861,0.973282651,0.983734779],[-0.927680459,0.99505348,-0.610426643,0.947507903,0.992223314,0.996395007,0.943928693,0.983280182,1,0.994210092,0.997287949,0.097663159,0.987463314,0.985838681,0.911803578,0.971475953,-0.923364155,0.993740963,0.494089344,-0.888564156,0.998655175,0.997293377,0.961399555,0.976629538,0.996929333,0.969226517,0.955129107,0.975528956,0.9366312,0.996186985,0.996380589],[-0.905651026,0.991048004,-0.629723705,0.931602961,0.986724659,0.99255726,0.949634242,0.973243375,0.994210092,1,0.998699147,0.093753926,0.984175831,0.985760499,0.906189102,0.96937299,-0.935185194,0.984712901,0.459803961,-0.878504692,0.994763059,0.99548783,0.950444543,0.981898946,0.993961945,0.953718071,0.958404606,0.977305551,0.937255132,0.994341273,0.993232452],[-0.912615637,0.993084778,-0.618213086,0.937487887,0.988997073,0.994468287,0.952098635,0.978389504,0.997287949,0.998699147,1,0.102129886,0.987055898,0.988788566,0.910232553,0.970728154,-0.925842761,0.989841829,0.4672549,-0.877779373,0.997997976,0.997539752,0.954714639,0.980446334,0.995612935,0.959615621,0.957932736,0.97942037,0.941154844,0.997045662,0.995355332],[0.07797844,0.018380344,-0.098325729,-0.130231533,0.013804368,0.033286721,0.360741905,0.109063017,0.097663159,0.093753926,0.102129886,1,0.055342908,0.015528322,-0.223548352,-0.129841414,-0.005226857,0.147421558,-0.305313495,0.075121768,0.077780524,0.098733357,-0.117100885,-0.0621132,0.072256141,-0.08352998,0.284984255,0.216128468,0.07615694,0.107817399,0.049438779],[-0.946060309,0.992348833,-0.542301397,0.961941544,0.992130627,0.988615934,0.91935259,0.988313381,0.987463314,0.984175831,0.987055898,0.055342908,1,0.988886779,0.919374114,0.971103166,-0.914803955,0.987782857,0.565713161,-0.901294063,0.989056413,0.988044708,0.974504661,0.983909237,0.993530671,0.971485749,0.93115218,0.961328871,0.91547901,0.985748947,0.988721176],[-0.91868343,0.988907388,-0.585336256,0.947324044,0.984435808,0.988700638,0.923656036,0.967060342,0.985838681,0.985760499,0.988788566,0.015528322,0.988886779,1,0.941726245,0.982596653,-0.897645267,0.9771301,0.485481046,-0.865001446,0.991684049,0.988972434,0.976314898,0.983289167,0.985645546,0.966892198,0.911159458,0.964303398,0.950824302,0.987858866,0.987528083],[-0.888001076,0.929213457,-0.511347495,0.928706421,0.927604199,0.926873709,0.781645891,0.896930131,0.911803578,0.906189102,0.910232553,-0.223548352,0.919374114,0.941726245,1,0.96482957,-0.831644116,0.899313371,0.541945744,-0.818423755,0.921293741,0.90208562,0.96105015,0.931690131,0.911947612,0.935930257,0.786738909,0.860053448,0.896286162,0.900471529,0.933419456],[-0.935351539,0.986243899,-0.596363773,0.972948358,0.983680945,0.983702532,0.861437141,0.950088197,0.971475953,0.96937299,0.970728154,-0.129841414,0.971103166,0.982596653,0.96482957,1,-0.919763002,0.95418437,0.546235876,-0.89519768,0.977485394,0.968705391,0.984662845,0.989621426,0.975232323,0.982759513,0.883313238,0.920628045,0.922805571,0.969454516,0.981435788],[0.904641833,-0.938212463,0.678427165,-0.919880683,-0.942689443,-0.936529217,-0.832017778,-0.899180539,-0.923364155,-0.935185194,-0.925842761,-0.005226857,-0.914803955,-0.897645267,-0.831644116,-0.919763002,1,-0.902074706,-0.554460897,0.943241262,-0.919904203,-0.914881718,-0.901313676,-0.941527873,-0.939836351,-0.897278756,-0.896669456,-0.85480226,-0.795534539,-0.922951084,-0.933625159],[-0.926240963,0.98661855,-0.543722977,0.939471667,0.984684157,0.985463275,0.944110812,0.992179613,0.993740963,0.984712901,0.989841829,0.147421558,0.987782857,0.9771301,0.899313371,0.95418437,-0.902074706,1,0.517427965,-0.878039386,0.992327295,0.990318828,0.950946628,0.962881759,0.990890456,0.964472564,0.958375648,0.975642712,0.922577995,0.987249949,0.98996756],[-0.765431743,0.549670055,0.041415366,0.688274729,0.580486666,0.515002865,0.244350103,0.596658063,0.494089344,0.459803961,0.4672549,-0.305313495,0.565713161,0.485481046,0.541945744,0.546235876,-0.554460897,0.517427965,1,-0.771512244,0.488905836,0.473037314,0.623596142,0.549793838,0.53613591,0.595317517,0.386456823,0.346577313,0.235010408,0.45837356,0.523199168],[0.972592779,-0.914833449,0.524594089,-0.948676246,-0.929859411,-0.903990163,-0.732630796,-0.902655445,-0.888564156,-0.878504692,-0.877779373,0.075121768,-0.901294063,-0.865001446,-0.818423755,-0.89519768,0.943241262,-0.878039386,-0.771512244,1,-0.882589723,-0.876019864,-0.915758061,-0.908879353,-0.911906825,-0.895225103,-0.820689594,-0.782919503,-0.697835695,-0.87644596,-0.899026097],[-0.925514623,0.995964082,-0.602698653,0.94931838,0.992195639,0.996377808,0.941869003,0.980953597,0.998655175,0.994763059,0.997997976,0.077780524,0.989056413,0.991684049,0.921293741,0.977485394,-0.919904203,0.992327295,0.488905836,-0.882589723,1,0.997478311,0.965617735,0.981347797,0.996080135,0.97234415,0.947767675,0.974526209,0.943136811,0.996889582,0.99704398],[-0.916776202,0.992561337,-0.602735503,0.938134003,0.988228642,0.994014295,0.94989759,0.978775965,0.997293377,0.99548783,0.997539752,0.098733357,0.988044708,0.988972434,0.90208562,0.968705391,-0.914881718,0.990318828,0.473037314,-0.876019864,0.997478311,1,0.956993766,0.978768292,0.994770355,0.963735712,0.952411685,0.981606932,0.941340189,0.996535889,0.991526134],[-0.96676983,0.97811086,-0.553502017,0.98167227,0.980890095,0.974640062,0.838479961,0.951772424,0.961399555,0.950444543,0.954714639,-0.117100885,0.974504661,0.976314898,0.96105015,0.984662845,-0.901313676,0.950946628,0.623596142,-0.915758061,0.965617735,0.956993766,1,0.975239629,0.96849529,0.97397291,0.847905073,0.903887207,0.894626278,0.95492707,0.969251613],[-0.935916543,0.9911525,-0.602702759,0.969105446,0.989456588,0.98798109,0.888463017,0.960986477,0.976629538,0.981898946,0.980446334,-0.0621132,0.983909237,0.983289167,0.931690131,0.989621426,-0.941527873,0.962881759,0.549793838,-0.908879353,0.981347797,0.978768292,0.975239629,1,0.986406723,0.973346546,0.912048422,0.937861306,0.912976356,0.979191033,0.983132385],[-0.942590687,0.998132669,-0.605183335,0.960869797,0.997360224,0.997328756,0.931357502,0.985910368,0.996929333,0.993961945,0.995612935,0.072256141,0.993530671,0.985645546,0.911947612,0.975232323,-0.939836351,0.990890456,0.53613591,-0.911906825,0.996080135,0.994770355,0.96849529,0.986406723,1,0.971562979,0.951310613,0.966038571,0.920347637,0.994616512,0.996097728],[-0.949245777,0.98117815,-0.513784868,0.979012055,0.979342013,0.974329098,0.855885716,0.965801687,0.969226517,0.953718071,0.959615621,-0.08352998,0.971485749,0.966892198,0.935930257,0.982759513,-0.897278756,0.964472564,0.595317517,-0.895225103,0.97234415,0.963735712,0.97397291,0.973346546,0.971562979,1,0.895104616,0.917158319,0.90268022,0.963018029,0.974930809],[-0.829980891,0.936648175,-0.603883031,0.85763586,0.93119582,0.938992836,0.959076948,0.947626542,0.955129107,0.958404606,0.957932736,0.284984255,0.93115218,0.911159458,0.786738909,0.883313238,-0.896669456,0.958375648,0.386456823,-0.820689594,0.947767675,0.952411685,0.847905073,0.912048422,0.951310613,0.895104616,1,0.958472802,0.88040975,0.956206294,0.945421751],[-0.839889694,0.956795903,-0.598823592,0.870737997,0.947856606,0.963646688,0.981985628,0.953344529,0.975528956,0.977305551,0.97942037,0.216128468,0.961328871,0.964303398,0.860053448,0.920628045,-0.85480226,0.975642712,0.346577313,-0.782919503,0.974526209,0.981606932,0.903887207,0.937861306,0.966038571,0.917158319,0.958472802,1,0.960750661,0.977510155,0.962427759],[-0.779247535,0.92186409,-0.659493172,0.84481148,0.906926334,0.933561632,0.934748809,0.885621861,0.9366312,0.937255132,0.941154844,0.07615694,0.91547901,0.950824302,0.896286162,0.922805571,-0.795534539,0.922577995,0.235010408,-0.697835695,0.943136811,0.941340189,0.894626278,0.912976356,0.920347637,0.90268022,0.88040975,0.960750661,1,0.946168612,0.928515272],[-0.913210906,0.992047242,-0.640515783,0.941629752,0.987596304,0.994395978,0.953817063,0.973282651,0.996186985,0.994341273,0.997045662,0.107817399,0.985748947,0.987858866,0.900471529,0.969454516,-0.922951084,0.987249949,0.45837356,-0.87644596,0.996889582,0.996535889,0.95492707,0.979191033,0.994616512,0.963018029,0.956206294,0.977510155,0.946168612,1,0.991361851],[-0.935232302,0.99698311,-0.593443595,0.957435804,0.994903171,0.995557188,0.925811052,0.983734779,0.996380589,0.993232452,0.995355332,0.049438779,0.988721176,0.987528083,0.933419456,0.981435788,-0.933625159,0.98996756,0.523199168,-0.899026097,0.99704398,0.991526134,0.969251613,0.983132385,0.996097728,0.974930809,0.945421751,0.962427759,0.928515272,0.991361851,1],["Bitcoin","Ethereum","Bitcoin Cash","Ripple","Litecoin","Dash","Ethereum Classic","Monero","NEO","NEM","IOTA","Qtum","OmiseGO","Cardano","Lisk","Zcash","Tether","EOS","Stellar Lumens","BitConnect","Hshare","Waves","Stratis","Ark","Populous","Steem","Bytecoin","Komodo","Ardor","BitShares","Augur"],[1,-0.922401923,0.6532181,-0.967115183,-0.940060269,-0.907073254,-0.659088446,-0.92007705,-0.884899666,-0.854873255,-0.863851128,0.024473874,-0.918483653,-0.870936726,-0.815600513,-0.894085912,0.828993482,-0.881974314,-0.649064741,0.953583133,-0.883223022,-0.872225563,-0.945297716,-0.902798087,-0.91040687,-0.884862951,-0.736883275,-0.748676007,-0.678023772,-0.865085738,-0.899768911],[-0.922401923,1,-0.838744615,0.947189237,0.99806036,0.99763474,0.85520229,0.976035356,0.98932388,0.983428515,0.986597019,0.087947301,0.990636086,0.980114354,0.87230246,0.968839704,-0.87815698,0.976593954,0.330791751,-0.871363931,0.991440356,0.987684528,0.961257761,0.982993543,0.99610909,0.931290707,0.898604138,0.923527095,0.886228993,0.985021079,0.994840774],[0.6532181,-0.838744615,1,-0.73028625,-0.831404472,-0.858791116,-0.829482495,-0.787267754,-0.84702854,-0.878528414,-0.869713378,-0.184567837,-0.827836452,-0.844568391,-0.757602045,-0.810559824,0.780107071,-0.818265097,0.007500834,0.651765782,-0.847907944,-0.840532312,-0.769790896,-0.835639345,-0.850740483,-0.703314751,-0.836595618,-0.846148767,-0.857074192,-0.866615775,-0.855776071],[-0.967115183,0.947189237,-0.73028625,1,0.954313962,0.937939769,0.671315811,0.907148767,0.911967836,0.877151758,0.885889367,-0.129099765,0.935357259,0.905288677,0.888656803,0.958231605,-0.878187649,0.887096108,0.54381379,-0.931774277,0.905605839,0.892560802,0.971079258,0.944912218,0.933654896,0.952883945,0.772250416,0.770003973,0.760457818,0.892181349,0.922052307],[-0.940060269,0.99806036,-0.831404472,0.954313962,1,0.994375731,0.841781471,0.979745253,0.982826578,0.978110182,0.98096395,0.08937822,0.989220927,0.97219658,0.866700658,0.962171383,-0.877351101,0.97352925,0.376146865,-0.890316965,0.985823607,0.981072193,0.963305811,0.981173916,0.99351356,0.921723565,0.888308727,0.912005388,0.86356822,0.9786284,0.991615388],[-0.907073254,0.99763474,-0.858791116,0.937939769,0.994375731,1,0.866858582,0.969775703,0.99240972,0.98554466,0.98896948,0.099080891,0.988803259,0.981843466,0.875589424,0.966488,-0.875448181,0.977822295,0.290482825,-0.855217118,0.992309232,0.989920028,0.95771765,0.978263602,0.996030321,0.925657909,0.90468205,0.93454424,0.902425069,0.987215367,0.994053783],[-0.659088446,0.85520229,-0.829482495,0.671315811,0.841781471,0.866858582,1,0.881354902,0.895734055,0.914481289,0.922469506,0.533476637,0.874714513,0.880260024,0.613220401,0.740496134,-0.660986957,0.921251892,-0.089289283,-0.569165468,0.907982096,0.913593636,0.726593246,0.801237686,0.877902374,0.694965222,0.92156094,0.972184894,0.901178151,0.927422719,0.881737067],[-0.92007705,0.976035356,-0.787267754,0.907148767,0.979745253,0.969775703,0.881354902,1,0.973253312,0.965980196,0.973264351,0.239816639,0.975054931,0.945137494,0.781780929,0.900757517,-0.812850493,0.987001802,0.359895561,-0.85183422,0.977510039,0.975149097,0.911946506,0.936161575,0.978075029,0.879310336,0.915699059,0.931170395,0.8443599,0.973715931,0.976539285],[-0.884899666,0.98932388,-0.84702854,0.911967836,0.982826578,0.99240972,0.895734055,0.973253312,1,0.982012571,0.989395166,0.166103659,0.984116179,0.976375638,0.846734982,0.946668261,-0.868125223,0.987903021,0.241373126,-0.832900017,0.993240959,0.992220831,0.936622027,0.952356478,0.994733106,0.924988061,0.931284669,0.946784128,0.910088899,0.989040076,0.991434634],[-0.854873255,0.983428515,-0.878528414,0.877151758,0.978110182,0.98554466,0.914481289,0.965980196,0.982012571,1,0.99745962,0.19883017,0.974881728,0.973836898,0.821822751,0.930214585,-0.847998948,0.975994707,0.202197138,-0.805242874,0.990755752,0.991939135,0.9091339,0.966156918,0.984762971,0.865970597,0.92782513,0.962727007,0.908160001,0.990493973,0.988912746],[-0.863851128,0.986597019,-0.869713378,0.885889367,0.98096395,0.98896948,0.922469506,0.973264351,0.989395166,0.99745962,1,0.214006647,0.980568565,0.980350984,0.827334528,0.932367967,-0.839333651,0.985459175,0.202923494,-0.803889374,0.996775218,0.99586327,0.916385153,0.961270203,0.988700253,0.878582365,0.930184478,0.966320598,0.917461681,0.996426588,0.992583259],[0.024473874,0.087947301,-0.184567837,-0.129099765,0.08937822,0.099080891,0.533476637,0.239816639,0.166103659,0.19883017,0.214006647,1,0.142579445,0.113324594,-0.263470292,-0.13929327,0.079566064,0.274790596,-0.360415925,0.106110143,0.18667122,0.192991304,-0.095692336,-0.019478376,0.138610655,-0.140061436,0.363091614,0.364352727,0.186298863,0.227015666,0.144373341],[-0.918483653,0.990636086,-0.827836452,0.935357259,0.989220927,0.988803259,0.874714513,0.975054931,0.984116179,0.974881728,0.980568565,0.142579445,1,0.982551896,0.841290082,0.94619218,-0.859754119,0.977131491,0.321009663,-0.85785018,0.985344006,0.98559482,0.957736169,0.970200804,0.992947387,0.917048214,0.893092125,0.931787395,0.887753946,0.985239564,0.982170706],[-0.870936726,0.980114354,-0.844568391,0.905288677,0.97219658,0.981843466,0.880260024,0.945137494,0.976375638,0.973836898,0.980350984,0.113324594,0.982551896,1,0.881878722,0.956875138,-0.819437837,0.961794717,0.214804324,-0.792513056,0.985857456,0.982349465,0.954536409,0.963087768,0.975567012,0.904062261,0.861143634,0.937041155,0.935147043,0.982760112,0.978407623],[-0.815600513,0.87230246,-0.757602045,0.888656803,0.866700658,0.875589424,0.613220401,0.781780929,0.846734982,0.821822751,0.827334528,-0.263470292,0.841290082,0.881878722,1,0.946920745,-0.770138474,0.796322049,0.31363287,-0.748379718,0.848330109,0.823340757,0.937101015,0.877857395,0.845039762,0.884364456,0.63955678,0.727843501,0.830251067,0.819466044,0.868158871],[-0.894085912,0.968839704,-0.810559824,0.958231605,0.962171383,0.966488,0.740496134,0.900757517,0.946668261,0.930214585,0.932367967,-0.13929327,0.94619218,0.956875138,0.946920745,1,-0.882797895,0.905272372,0.342645648,-0.856547408,0.944689141,0.935554307,0.974794301,0.973718066,0.953433416,0.960867774,0.808153768,0.83883434,0.869821423,0.92960653,0.955679137],[0.828993482,-0.87815698,0.780107071,-0.878187649,-0.877351101,-0.875448181,-0.660986957,-0.812850493,-0.868125223,-0.847998948,-0.839333651,0.079566064,-0.859754119,-0.819437837,-0.770138474,-0.882797895,1,-0.81568581,-0.380539698,0.912285928,-0.835623375,-0.833792853,-0.850790213,-0.8777127,-0.889482301,-0.874273756,-0.826177204,-0.714914935,-0.675755081,-0.830169437,-0.865289572],[-0.881974314,0.976593954,-0.818265097,0.887096108,0.97352925,0.977822295,0.921251892,0.987001802,0.987903021,0.975994707,0.985459175,0.274790596,0.977131491,0.961794717,0.796322049,0.905272372,-0.81568581,1,0.245477199,-0.806180181,0.990118154,0.987034792,0.909336074,0.93008285,0.982795813,0.8858002,0.933660088,0.960889486,0.897922745,0.987540743,0.982991332],[-0.649064741,0.330791751,0.007500834,0.54381379,0.376146865,0.290482825,-0.089289283,0.359895561,0.241373126,0.202197138,0.202923494,-0.360415925,0.321009663,0.214804324,0.31363287,0.342645648,-0.380539698,0.245477199,1,-0.68013085,0.232427257,0.21879562,0.441507021,0.351214637,0.30380438,0.381028125,0.087643432,0.027106541,-0.083165566,0.199321421,0.277453844],[0.953583133,-0.871363931,0.651765782,-0.931774277,-0.890316965,-0.855217118,-0.569165468,-0.85183422,-0.832900017,-0.805242874,-0.803889374,0.106110143,-0.85785018,-0.792513056,-0.748379718,-0.856547408,0.912285928,-0.806180181,-0.68013085,1,-0.812333049,-0.807272687,-0.882928852,-0.864595481,-0.868919463,-0.850550168,-0.731784104,-0.652167725,-0.562142706,-0.797746377,-0.84340487],[-0.883223022,0.991440356,-0.847907944,0.905605839,0.985823607,0.992309232,0.907982096,0.977510039,0.993240959,0.990755752,0.996775218,0.18667122,0.985344006,0.985857456,0.848330109,0.944689141,-0.835623375,0.990118154,0.232427257,-0.812333049,1,0.995948693,0.935017598,0.962096379,0.990661741,0.903429835,0.916615193,0.958049973,0.921253825,0.996167231,0.995579532],[-0.872225563,0.987684528,-0.840532312,0.892560802,0.981072193,0.989920028,0.913593636,0.975149097,0.992220831,0.991939135,0.99586327,0.192991304,0.98559482,0.982349465,0.823340757,0.935554307,-0.833792853,0.987034792,0.21879562,-0.807272687,0.995948693,1,0.924980887,0.960901387,0.990136087,0.896163852,0.924279159,0.966986039,0.917132605,0.994327019,0.987825126],[-0.945297716,0.961257761,-0.769790896,0.971079258,0.963305811,0.95771765,0.726593246,0.911946506,0.936622027,0.9091339,0.916385153,-0.095692336,0.957736169,0.954536409,0.937101015,0.974794301,-0.850790213,0.909336074,0.441507021,-0.882928852,0.935017598,0.924980887,1,0.953783587,0.947887912,0.942234034,0.76014437,0.825309496,0.838816847,0.918081543,0.943451003],[-0.902798087,0.982993543,-0.835639345,0.944912218,0.981173916,0.978263602,0.801237686,0.936161575,0.952356478,0.966156918,0.961270203,-0.019478376,0.970200804,0.963087768,0.877857395,0.973718066,-0.8777127,0.93008285,0.351214637,-0.864595481,0.962096379,0.960901387,0.953783587,1,0.971911232,0.912979657,0.850966899,0.88762012,0.861352394,0.957069369,0.967964815],[-0.91040687,0.99610909,-0.850740483,0.933654896,0.99351356,0.996030321,0.877902374,0.978075029,0.994733106,0.984762971,0.988700253,0.138610655,0.992947387,0.975567012,0.845039762,0.953433416,-0.889482301,0.982795813,0.30380438,-0.868919463,0.990661741,0.990136087,0.947887912,0.971911232,1,0.924324985,0.923746679,0.934221421,0.88598343,0.988329995,0.9922023],[-0.884862951,0.931290707,-0.703314751,0.952883945,0.921723565,0.925657909,0.694965222,0.879310336,0.924988061,0.865970597,0.878582365,-0.140061436,0.917048214,0.904062261,0.884364456,0.960867774,-0.874273756,0.8858002,0.381028125,-0.850550168,0.903429835,0.896163852,0.942234034,0.912979657,0.924324985,1,0.806908092,0.787981883,0.819431442,0.888068757,0.911591948],[-0.736883275,0.898604138,-0.836595618,0.772250416,0.888308727,0.90468205,0.92156094,0.915699059,0.931284669,0.92782513,0.930184478,0.363091614,0.893092125,0.861143634,0.63955678,0.808153768,-0.826177204,0.933660088,0.087643432,-0.731784104,0.916615193,0.924279159,0.76014437,0.850966899,0.923746679,0.806908092,1,0.923528123,0.831334015,0.931312068,0.912245601],[-0.748676007,0.923527095,-0.846148767,0.770003973,0.912005388,0.93454424,0.972184894,0.931170395,0.946784128,0.962727007,0.966320598,0.364352727,0.931787395,0.937041155,0.727843501,0.83883434,-0.714914935,0.960889486,0.027106541,-0.652167725,0.958049973,0.966986039,0.825309496,0.88762012,0.934221421,0.787981883,0.923528123,1,0.942221314,0.966149637,0.936662534],[-0.678023772,0.886228993,-0.857074192,0.760457818,0.86356822,0.902425069,0.901178151,0.8443599,0.910088899,0.908160001,0.917461681,0.186298863,0.887753946,0.935147043,0.830251067,0.869821423,-0.675755081,0.897922745,-0.083165566,-0.562142706,0.921253825,0.917132605,0.838816847,0.861352394,0.88598343,0.819431442,0.831334015,0.942221314,1,0.924985337,0.900587198],[-0.865085738,0.985021079,-0.866615775,0.892181349,0.9786284,0.987215367,0.927422719,0.973715931,0.989040076,0.990493973,0.996426588,0.227015666,0.985239564,0.982760112,0.819466044,0.92960653,-0.830169437,0.987540743,0.199321421,-0.797746377,0.996167231,0.994327019,0.918081543,0.957069369,0.988329995,0.888068757,0.931312068,0.966149637,0.924985337,1,0.988789445],[-0.899768911,0.994840774,-0.855776071,0.922052307,0.991615388,0.994053783,0.881737067,0.976539285,0.991434634,0.988912746,0.992583259,0.144373341,0.982170706,0.978407623,0.868158871,0.955679137,-0.865289572,0.982991332,0.277453844,-0.84340487,0.995579532,0.987825126,0.943451003,0.967964815,0.9922023,0.911591948,0.912245601,0.936662534,0.900587198,0.988789445,1]]